%YAML:1.0
---
R: !!opencv-matrix
   rows: 3
   cols: 3
   dt: d
   data: [ 9.9997471188199605e-01, 6.6750236508252934e-03,
       -2.4534986814684257e-03, -6.6680654539199753e-03,
       9.9997375416217882e-01, 2.8333531196450879e-03,
       2.4723469864247043e-03, -2.8169213796779167e-03,
       9.9999297620249283e-01 ]
T: !!opencv-matrix
   rows: 3
   cols: 1
   dt: d
   data: [ -1.0134906427373903e+02, 1.1778486622044486e+00,
       -2.2689752779050405e-02 ]
R1: !!opencv-matrix
   rows: 3
   cols: 3
   dt: d
   data: [ 9.9998520589404605e-01, -4.9466701885590323e-03,
       -2.2623985254655366e-03, 4.9498457102607335e-03,
       9.9998676918875251e-01, 1.4001695915717349e-03,
       2.2554424149201298e-03, -1.4113474009506152e-03,
       9.9999646053274960e-01 ]
R2: !!opencv-matrix
   rows: 3
   cols: 3
   dt: d
   data: [ 9.9993244980145468e-01, -1.1620917338840617e-02,
       2.2386215644186195e-04, 1.1621220558590819e-02,
       9.9993148497788231e-01, -1.4044866163387766e-03,
       -2.0752539564927616e-04, 1.4069932944837259e-03,
       9.9999898865102843e-01 ]
P1: !!opencv-matrix
   rows: 3
   cols: 4
   dt: d
   data: [ 5.5148427165223166e+02, 0., 5.1334153366088867e+02, 0., 0.,
       5.5148427165223166e+02, 3.0198213195800781e+02, 0., 0., 0., 1.,
       0. ]
P2: !!opencv-matrix
   rows: 3
   cols: 4
   dt: d
   data: [ 5.5148427165223166e+02, 0., 5.1334153366088867e+02,
       -5.5896190692417367e+04, 0., 5.5148427165223166e+02,
       3.0198213195800781e+02, 0., 0., 0., 1., 0. ]
Q: !!opencv-matrix
   rows: 4
   cols: 4
   dt: d
   data: [ 1., 0., 0., -5.1334153366088867e+02, 0., 1., 0.,
       -3.0198213195800781e+02, 0., 0., 0., 5.5148427165223166e+02, 0.,
       0., 9.8662228109051356e-03, 0. ]
