%YAML:1.0
---
M1: !!opencv-matrix
   rows: 3
   cols: 3
   dt: d
   data: [ 7.7785172592469394e+02, 0., 5.0968893884522578e+02, 0.,
       6.6882880631841090e+02, 3.0780329585614123e+02, 0., 0., 1. ]
D1: !!opencv-matrix
   rows: 1
   cols: 14
   dt: d
   data: [ 1.6122317863712740e-01, -3.0332551768318583e-01, 0., 0., 0.,
       0., 0., 1.3739840541321616e-01, 0., 0., 0., 0., 0., 0. ]
M2: !!opencv-matrix
   rows: 3
   cols: 3
   dt: d
   data: [ 7.7785172592469394e+02, 0., 4.8350447854999180e+02, 0.,
       6.6882880631841090e+02, 3.0054308734330931e+02, 0., 0., 1. ]
D2: !!opencv-matrix
   rows: 1
   cols: 14
   dt: d
   data: [ 1.3960003471196683e-01, -1.3373380362409851e-01, 0., 0., 0.,
       0., 0., 3.4297758078341900e-01, 0., 0., 0., 0., 0., 0. ]
